# time px py vx vy
0.00000000 0.00000000 0.00000000 14.14213562 14.14213562
0.01000000 0.14142136 0.14093086 14.14213562 14.04403562
0.02000000 0.28284271 0.28088071 14.14213562 13.94593562
0.03000000 0.42426407 0.41984957 14.14213562 13.84783562
0.04000000 0.56568542 0.55783742 14.14213562 13.74973562
0.05000000 0.70710678 0.69484428 14.14213562 13.65163562
0.06000000 0.84852814 0.83087014 14.14213562 13.55353562
0.07000000 0.98994949 0.96591499 14.14213562 13.45543562
0.08000000 1.13137085 1.09997885 14.14213562 13.35733562
0.09000000 1.27279221 1.23306171 14.14213562 13.25923562
0.10000000 1.41421356 1.36516356 14.14213562 13.16113562
0.11000000 1.55563492 1.49628442 14.14213562 13.06303562
0.12000000 1.69705627 1.62642427 14.14213562 12.96493562
0.13000000 1.83847763 1.75558313 14.14213562 12.86683562
0.14000000 1.97989899 1.88376099 14.14213562 12.76873562
0.15000000 2.12132034 2.01095784 14.14213562 12.67063562
0.16000000 2.26274170 2.13717370 14.14213562 12.57253562
0.17000000 2.40416306 2.26240856 14.14213562 12.47443562
0.18000000 2.54558441 2.38666241 14.14213562 12.37633562
0.19000000 2.68700577 2.50993527 14.14213562 12.27823562
0.20000000 2.82842712 2.63222712 14.14213562 12.18013562
0.21000000 2.96984848 2.75353798 14.14213562 12.08203562
0.22000000 3.11126984 2.87386784 14.14213562 11.98393562
0.23000000 3.25269119 2.99321669 14.14213562 11.88583562
0.24000000 3.39411255 3.11158455 14.14213562 11.78773562
0.25000000 3.53553391 3.22897141 14.14213562 11.68963562
0.26000000 3.67695526 3.34537726 14.14213562 11.59153562
0.27000000 3.81837662 3.46080212 14.14213562 11.49343562
0.28000000 3.95979797 3.57524597 14.14213562 11.39533562
0.29000000 4.10121933 3.68870883 14.14213562 11.29723562
0.30000000 4.24264069 3.80119069 14.14213562 11.19913562
0.31000000 4.38406204 3.91269154 14.14213562 11.10103562
0.32000000 4.52548340 4.02321140 14.14213562 11.00293562
0.33000000 4.66690476 4.13275026 14.14213562 10.90483562
0.34000000 4.80832611 4.24130811 14.14213562 10.80673562
0.35000000 4.94974747 4.34888497 14.14213562 10.70863562
0.36000000 5.09116882 4.45548082 14.14213562 10.61053562
0.37000000 5.23259018 4.56109568 14.14213562 10.51243562
0.38000000 5.37401154 4.66572954 14.14213562 10.41433562
0.39000000 5.51543289 4.76938239 14.14213562 10.31623562
0.40000000 5.65685425 4.87205425 14.14213562 10.21813562
0.41000000 5.79827561 4.97374511 14.14213562 10.12003562
0.42000000 5.93969696 5.07445496 14.14213562 10.02193562
0.43000000 6.08111832 5.17418382 14.14213562 9.92383562
0.44000000 6.22253967 5.27293167 14.14213562 9.82573562
0.45000000 6.36396103 5.37069853 14.14213562 9.72763562
0.46000000 6.50538239 5.46748439 14.14213562 9.62953562
0.47000000 6.64680374 5.56328924 14.14213562 9.53143562
0.48000000 6.78822510 5.65811310 14.14213562 9.43333562
0.49000000 6.92964646 5.75195596 14.14213562 9.33523562
0.50000000 7.07106781 5.84481781 14.14213562 9.23713562
0.51000000 7.21248917 5.93669867 14.14213562 9.13903562
0.52000000 7.35391052 6.02759852 14.14213562 9.04093562
0.53000000 7.49533188 6.11751738 14.14213562 8.94283562
0.54000000 7.63675324 6.20645524 14.14213562 8.84473562
0.55000000 7.77817459 6.29441209 14.14213562 8.74663562
0.56000000 7.91959595 6.38138795 14.14213562 8.64853562
0.57000000 8.06101731 6.46738281 14.14213562 8.55043562
0.58000000 8.20243866 6.55239666 14.14213562 8.45233562
0.59000000 8.34386002 6.63642952 14.14213562 8.35423562
0.60000000 8.48528137 6.71948137 14.14213562 8.25613562
0.61000000 8.62670273 6.80155223 14.14213562 8.15803562
0.62000000 8.76812409 6.88264209 14.14213562 8.05993562
0.63000000 8.90954544 6.96275094 14.14213562 7.96183562
0.64000000 9.05096680 7.04187880 14.14213562 7.86373562
0.65000000 9.19238816 7.12002566 14.14213562 7.76563562
0.66000000 9.33380951 7.19719151 14.14213562 7.66753562
0.67000000 9.47523087 7.27337637 14.14213562 7.56943562
0.68000000 9.61665222 7.34858022 14.14213562 7.47133562
0.69000000 9.75807358 7.42280308 14.14213562 7.37323562
0.70000000 9.89949494 7.49604494 14.14213562 7.27513562
0.71000000 10.04091629 7.56830579 14.14213562 7.17703562
0.72000000 10.18233765 7.63958565 14.14213562 7.07893562
0.73000000 10.32375901 7.70988451 14.14213562 6.98083562
0.74000000 10.46518036 7.77920236 14.14213562 6.88273562
0.75000000 10.60660172 7.84753922 14.14213562 6.78463562
0.76000000 10.74802307 7.91489507 14.14213562 6.68653562
0.77000000 10.88944443 7.98126993 14.14213562 6.58843562
0.78000000 11.03086579 8.04666379 14.14213562 6.49033562
0.79000000 11.17228714 8.11107664 14.14213562 6.39223562
0.80000000 11.31370850 8.17450850 14.14213562 6.29413562
0.81000000 11.45512986 8.23695936 14.14213562 6.19603562
0.82000000 11.59655121 8.29842921 14.14213562 6.09793562
0.83000000 11.73797257 8.35891807 14.14213562 5.99983562
0.84000000 11.87939392 8.41842592 14.14213562 5.90173562
0.85000000 12.02081528 8.47695278 14.14213562 5.80363562
0.86000000 12.16223664 8.53449864 14.14213562 5.70553562
0.87000000 12.30365799 8.59106349 14.14213562 5.60743562
0.88000000 12.44507935 8.64664735 14.14213562 5.50933562
0.89000000 12.58650071 8.70125021 14.14213562 5.41123562
0.90000000 12.72792206 8.75487206 14.14213562 5.31313562
0.91000000 12.86934342 8.80751292 14.14213562 5.21503562
0.92000000 13.01076477 8.85917277 14.14213562 5.11693562
0.93000000 13.15218613 8.90985163 14.14213562 5.01883562
0.94000000 13.29360749 8.95954949 14.14213562 4.92073562
0.95000000 13.43502884 9.00826634 14.14213562 4.82263562
0.96000000 13.57645020 9.05600220 14.14213562 4.72453562
0.97000000 13.71787156 9.10275706 14.14213562 4.62643562
0.98000000 13.85929291 9.14853091 14.14213562 4.52833562
0.99000000 14.00071427 9.19332377 14.14213562 4.43023562
1.00000000 14.14213562 9.23713562 14.14213562 4.33213562
1.01000000 14.28355698 9.27996648 14.14213562 4.23403562
1.02000000 14.42497834 9.32181634 14.14213562 4.13593562
1.03000000 14.56639969 9.36268519 14.14213562 4.03783562
1.04000000 14.70782105 9.40257305 14.14213562 3.93973562
1.05000000 14.84924240 9.44147990 14.14213562 3.84163562
1.06000000 14.99066376 9.47940576 14.14213562 3.74353562
1.07000000 15.13208512 9.51635062 14.14213562 3.64543562
1.08000000 15.27350647 9.55231447 14.14213562 3.54733562
1.09000000 15.41492783 9.58729733 14.14213562 3.44923562
1.10000000 15.55634919 9.62129919 14.14213562 3.35113562
1.11000000 15.69777054 9.65432004 14.14213562 3.25303562
1.12000000 15.83919190 9.68635990 14.14213562 3.15493562
1.13000000 15.98061325 9.71741875 14.14213562 3.05683562
1.14000000 16.12203461 9.74749661 14.14213562 2.95873562
1.15000000 16.26345597 9.77659347 14.14213562 2.86063562
1.16000000 16.40487732 9.80470932 14.14213562 2.76253562
1.17000000 16.54629868 9.83184418 14.14213562 2.66443562
1.18000000 16.68772004 9.85799804 14.14213562 2.56633562
1.19000000 16.82914139 9.88317089 14.14213562 2.46823562
1.20000000 16.97056275 9.90736275 14.14213562 2.37013562
1.21000000 17.11198410 9.93057360 14.14213562 2.27203562
1.22000000 17.25340546 9.95280346 14.14213562 2.17393562
1.23000000 17.39482682 9.97405232 14.14213562 2.07583562
1.24000000 17.53624817 9.99432017 14.14213562 1.97773562
1.25000000 17.67766953 10.01360703 14.14213562 1.87963562
1.26000000 17.81909089 10.03191289 14.14213562 1.78153562
1.27000000 17.96051224 10.04923774 14.14213562 1.68343562
1.28000000 18.10193360 10.06558160 14.14213562 1.58533562
1.29000000 18.24335495 10.08094445 14.14213562 1.48723562
1.30000000 18.38477631 10.09532631 14.14213562 1.38913562
1.31000000 18.52619767 10.10872717 14.14213562 1.29103562
1.32000000 18.66761902 10.12114702 14.14213562 1.19293562
1.33000000 18.80904038 10.13258588 14.14213562 1.09483562
1.34000000 18.95046174 10.14304374 14.14213562 0.99673562
1.35000000 19.09188309 10.15252059 14.14213562 0.89863562
1.36000000 19.23330445 10.16101645 14.14213562 0.80053562
1.37000000 19.37472580 10.16853130 14.14213562 0.70243562
1.38000000 19.51614716 10.17506516 14.14213562 0.60433562
1.39000000 19.65756852 10.18061802 14.14213562 0.50623562
1.40000000 19.79898987 10.18518987 14.14213562 0.40813562
1.41000000 19.94041123 10.18878073 14.14213562 0.31003562
1.42000000 20.08183259 10.19139059 14.14213562 0.21193562
1.43000000 20.22325394 10.19301944 14.14213562 0.11383562
1.44000000 20.36467530 10.19366730 14.14213562 0.01573562
1.45000000 20.50609665 10.19333415 14.14213562 -0.08236438
1.46000000 20.64751801 10.19202001 14.14213562 -0.18046438
1.47000000 20.78893937 10.18972487 14.14213562 -0.27856438
1.48000000 20.93036072 10.18644872 14.14213562 -0.37666438
1.49000000 21.07178208 10.18219158 14.14213562 -0.47476438
1.50000000 21.21320344 10.17695344 14.14213562 -0.57286438
1.51000000 21.35462479 10.17073429 14.14213562 -0.67096438
1.52000000 21.49604615 10.16353415 14.14213562 -0.76906438
1.53000000 21.63746750 10.15535300 14.14213562 -0.86716438
1.54000000 21.77888886 10.14619086 14.14213562 -0.96526438
1.55000000 21.92031022 10.13604772 14.14213562 -1.06336438
1.56000000 22.06173157 10.12492357 14.14213562 -1.16146438
1.57000000 22.20315293 10.11281843 14.14213562 -1.25956438
1.58000000 22.34457429 10.09973229 14.14213562 -1.35766438
1.59000000 22.48599564 10.08566514 14.14213562 -1.45576438
1.60000000 22.62741700 10.07061700 14.14213562 -1.55386438
1.61000000 22.76883835 10.05458785 14.14213562 -1.65196438
1.62000000 22.91025971 10.03757771 14.14213562 -1.75006438
1.63000000 23.05168107 10.01958657 14.14213562 -1.84816438
1.64000000 23.19310242 10.00061442 14.14213562 -1.94626438
1.65000000 23.33452378 9.98066128 14.14213562 -2.04436438
1.66000000 23.47594514 9.95972714 14.14213562 -2.14246438
1.67000000 23.61736649 9.93781199 14.14213562 -2.24056438
1.68000000 23.75878785 9.91491585 14.14213562 -2.33866438
1.69000000 23.90020920 9.89103870 14.14213562 -2.43676438
1.70000000 24.04163056 9.86618056 14.14213562 -2.53486438
1.71000000 24.18305192 9.84034142 14.14213562 -2.63296438
1.72000000 24.32447327 9.81352127 14.14213562 -2.73106438
1.73000000 24.46589463 9.78572013 14.14213562 -2.82916438
1.74000000 24.60731599 9.75693799 14.14213562 -2.92726438
1.75000000 24.74873734 9.72717484 14.14213562 -3.02536438
1.76000000 24.89015870 9.69643070 14.14213562 -3.12346438
1.77000000 25.03158005 9.66470555 14.14213562 -3.22156438
1.78000000 25.17300141 9.63199941 14.14213562 -3.31966438
1.79000000 25.31442277 9.59831227 14.14213562 -3.41776438
1.80000000 25.45584412 9.56364412 14.14213562 -3.51586438
1.81000000 25.59726548 9.52799498 14.14213562 -3.61396438
1.82000000 25.73868684 9.49136484 14.14213562 -3.71206438
1.83000000 25.88010819 9.45375369 14.14213562 -3.81016438
1.84000000 26.02152955 9.41516155 14.14213562 -3.90826438
1.85000000 26.16295090 9.37558840 14.14213562 -4.00636438
1.86000000 26.30437226 9.33503426 14.14213562 -4.10446438
1.87000000 26.44579362 9.29349912 14.14213562 -4.20256438
1.88000000 26.58721497 9.25098297 14.14213562 -4.30066438
1.89000000 26.72863633 9.20748583 14.14213562 -4.39876438
1.90000000 26.87005769 9.16300769 14.14213562 -4.49686438
1.91000000 27.01147904 9.11754854 14.14213562 -4.59496438
1.92000000 27.15290040 9.07110840 14.14213562 -4.69306438
1.93000000 27.29432175 9.02368725 14.14213562 -4.79116438
1.94000000 27.43574311 8.97528511 14.14213562 -4.88926438
1.95000000 27.57716447 8.92590197 14.14213562 -4.98736438
1.96000000 27.71858582 8.87553782 14.14213562 -5.08546438
1.97000000 27.86000718 8.82419268 14.14213562 -5.18356438
1.98000000 28.00142853 8.77186653 14.14213562 -5.28166438
1.99000000 28.14284989 8.71855939 14.14213562 -5.37976438
2.00000000 28.28427125 8.66427125 14.14213562 -5.47786438
2.01000000 28.42569260 8.60900210 14.14213562 -5.57596438
2.02000000 28.56711396 8.55275196 14.14213562 -5.67406438
2.03000000 28.70853532 8.49552082 14.14213562 -5.77216438
2.04000000 28.84995667 8.43730867 14.14213562 -5.87026438
2.05000000 28.99137803 8.37811553 14.14213562 -5.96836438
2.06000000 29.13279938 8.31794138 14.14213562 -6.06646438
2.07000000 29.27422074 8.25678624 14.14213562 -6.16456438
2.08000000 29.41564210 8.19465010 14.14213562 -6.26266438
2.09000000 29.55706345 8.13153295 14.14213562 -6.36076438
2.10000000 29.69848481 8.06743481 14.14213562 -6.45886438
2.11000000 29.83990617 8.00235567 14.14213562 -6.55696438
2.12000000 29.98132752 7.93629552 14.14213562 -6.65506438
2.13000000 30.12274888 7.86925438 14.14213562 -6.75316438
2.14000000 30.26417023 7.80123223 14.14213562 -6.85126438
2.15000000 30.40559159 7.73222909 14.14213562 -6.94936438
2.16000000 30.54701295 7.66224495 14.14213562 -7.04746438
2.17000000 30.68843430 7.59127980 14.14213562 -7.14556438
2.18000000 30.82985566 7.51933366 14.14213562 -7.24366438
2.19000000 30.97127702 7.44640652 14.14213562 -7.34176438
2.20000000 31.11269837 7.37249837 14.14213562 -7.43986438
2.21000000 31.25411973 7.29760923 14.14213562 -7.53796438
2.22000000 31.39554108 7.22173908 14.14213562 -7.63606438
2.23000000 31.53696244 7.14488794 14.14213562 -7.73416438
2.24000000 31.67838380 7.06705580 14.14213562 -7.83226438
2.25000000 31.81980515 6.98824265 14.14213562 -7.93036438
2.26000000 31.96122651 6.90844851 14.14213562 -8.02846438
2.27000000 32.10264787 6.82767337 14.14213562 -8.12656438
2.28000000 32.24406922 6.74591722 14.14213562 -8.22466438
2.29000000 32.38549058 6.66318008 14.14213562 -8.32276438
2.30000000 32.52691193 6.57946193 14.14213562 -8.42086438
2.31000000 32.66833329 6.49476279 14.14213562 -8.51896438
2.32000000 32.80975465 6.40908265 14.14213562 -8.61706438
2.33000000 32.95117600 6.32242150 14.14213562 -8.71516438
2.34000000 33.09259736 6.23477936 14.14213562 -8.81326438
2.35000000 33.23401872 6.14615622 14.14213562 -8.91136438
2.36000000 33.37544007 6.05655207 14.14213562 -9.00946438
2.37000000 33.51686143 5.96596693 14.14213562 -9.10756438
2.38000000 33.65828278 5.87440078 14.14213562 -9.20566438
2.39000000 33.79970414 5.78185364 14.14213562 -9.30376438
2.40000000 33.94112550 5.68832550 14.14213562 -9.40186438
2.41000000 34.08254685 5.59381635 14.14213562 -9.49996438
2.42000000 34.22396821 5.49832621 14.14213562 -9.59806438
2.43000000 34.36538957 5.40185507 14.14213562 -9.69616438
2.44000000 34.50681092 5.30440292 14.14213562 -9.79426438
2.45000000 34.64823228 5.20596978 14.14213562 -9.89236438
2.46000000 34.78965363 5.10655563 14.14213562 -9.99046438
2.47000000 34.93107499 5.00616049 14.14213562 -10.08856438
2.48000000 35.07249635 4.90478435 14.14213562 -10.18666438
2.49000000 35.21391770 4.80242720 14.14213562 -10.28476438
2.50000000 35.35533906 4.69908906 14.14213562 -10.38286438
2.51000000 35.49676042 4.59476992 14.14213562 -10.48096438
2.52000000 35.63818177 4.48946977 14.14213562 -10.57906438
2.53000000 35.77960313 4.38318863 14.14213562 -10.67716438
2.54000000 35.92102448 4.27592648 14.14213562 -10.77526438
2.55000000 36.06244584 4.16768334 14.14213562 -10.87336438
2.56000000 36.20386720 4.05845920 14.14213562 -10.97146438
2.57000000 36.34528855 3.94825405 14.14213562 -11.06956438
2.58000000 36.48670991 3.83706791 14.14213562 -11.16766438
2.59000000 36.62813127 3.72490077 14.14213562 -11.26576438
2.60000000 36.76955262 3.61175262 14.14213562 -11.36386438
2.61000000 36.91097398 3.49762348 14.14213562 -11.46196438
2.62000000 37.05239533 3.38251333 14.14213562 -11.56006438
2.63000000 37.19381669 3.26642219 14.14213562 -11.65816438
2.64000000 37.33523805 3.14935005 14.14213562 -11.75626438
2.65000000 37.47665940 3.03129690 14.14213562 -11.85436438
2.66000000 37.61808076 2.91226276 14.14213562 -11.95246438
2.67000000 37.75950212 2.79224762 14.14213562 -12.05056438
2.68000000 37.90092347 2.67125147 14.14213562 -12.14866438
2.69000000 38.04234483 2.54927433 14.14213562 -12.24676438
2.70000000 38.18376618 2.42631618 14.14213562 -12.34486438
2.71000000 38.32518754 2.30237704 14.14213562 -12.44296438
2.72000000 38.46660890 2.17745690 14.14213562 -12.54106438
2.73000000 38.60803025 2.05155575 14.14213562 -12.63916438
2.74000000 38.74945161 1.92467361 14.14213562 -12.73726438
2.75000000 38.89087297 1.79681047 14.14213562 -12.83536438
2.76000000 39.03229432 1.66796632 14.14213562 -12.93346438
2.77000000 39.17371568 1.53814118 14.14213562 -13.03156438
2.78000000 39.31513703 1.40733503 14.14213562 -13.12966438
2.79000000 39.45655839 1.27554789 14.14213562 -13.22776438
2.80000000 39.59797975 1.14277975 14.14213562 -13.32586438
2.81000000 39.73940110 1.00903060 14.14213562 -13.42396438
2.82000000 39.88082246 0.87430046 14.14213562 -13.52206438
2.83000000 40.02224382 0.73858932 14.14213562 -13.62016438
2.84000000 40.16366517 0.60189717 14.14213562 -13.71826438
2.85000000 40.30508653 0.46422403 14.14213562 -13.81636438
2.86000000 40.44650788 0.32556988 14.14213562 -13.91446438
2.87000000 40.58792924 0.18593474 14.14213562 -14.01256438
2.88000000 40.72935060 0.04531860 14.14213562 -14.11066438
2.89000000 40.87077195 -0.09627855 14.14213562 -14.20876438
